{
 "cells": [
  {
   "cell_type": "code",
   "execution_count": 65,
   "metadata": {},
   "outputs": [
    {
     "name": "stdout",
     "output_type": "stream",
     "text": [
      "A\n",
      " [[-5 -1 -3 -1]\n",
      " [-2  0  8 -4]\n",
      " [-7 -2  2 -2]\n",
      " [ 2 -4 -4  4]]\n",
      "B\n",
      " [[ 18]\n",
      " [-12]\n",
      " [  6]\n",
      " [-12]]\n",
      "L\n",
      " [[ 1.          0.          0.          0.        ]\n",
      " [-0.28571429  1.          0.          0.        ]\n",
      " [ 0.28571429 -0.125       1.          0.        ]\n",
      " [ 0.71428571 -0.09375    -0.67857143  1.        ]]\n",
      "U\n",
      " [[-7.         -2.          2.         -2.        ]\n",
      " [ 0.         -4.57142857 -3.42857143  3.42857143]\n",
      " [ 0.          0.          7.         -3.        ]\n",
      " [ 0.          0.          0.         -1.28571429]]\n",
      "x\n",
      " [[-2.]\n",
      " [ 3.]\n",
      " [-3.]\n",
      " [-2.]]\n",
      "Проверка корней AX = B:\n",
      " [[ 18.]\n",
      " [-12.]\n",
      " [  6.]\n",
      " [-12.]]\n",
      "Обратная матрица:\n",
      " [[ 0.22222222  0.22222222 -0.33333333  0.11111111]\n",
      " [-0.33333333 -0.33333333  0.25       -0.29166667]\n",
      " [-0.33333333 -0.08333333  0.25       -0.04166667]\n",
      " [-0.77777778 -0.52777778  0.66666667 -0.13888889]]\n",
      "Проверка обратной матрицы AA^-1 = E:\n",
      " [[ 1.00000000e+00  3.33066907e-16  2.22044605e-15 -1.11022302e-16]\n",
      " [-3.66373598e-15  1.00000000e+00 -7.99360578e-15  2.77555756e-16]\n",
      " [ 1.38777878e-17 -2.77555756e-17  1.00000000e+00  1.38777878e-16]\n",
      " [-4.44089210e-16 -1.11022302e-16 -1.77635684e-15  1.00000000e+00]]\n",
      "Определитель:\n",
      " -288.0\n"
     ]
    }
   ],
   "source": [
    "import numpy as np\n",
    "\n",
    "def get_mat(file):\n",
    "    mat = []\n",
    "    answ = []\n",
    "    with open(file) as file_handler:\n",
    "        for line in file_handler:\n",
    "            row = list(map(int, line.split(',')[:-1]))\n",
    "            mat.append(row[:-1])\n",
    "            answ.append([row[-1]])\n",
    "        mat = np.asarray(mat)\n",
    "        answ = np.asarray(answ).reshape(-1,1)\n",
    "    return np.matrix(mat), np.matrix(answ)\n",
    "\n",
    "def get_LU(mat):\n",
    "    lu_mat = np.matrix(np.zeros([mat.shape[0],mat.shape[1]]))\n",
    "    n = mat.shape[0]\n",
    "    for k in range(n):\n",
    "        for j in range(k, mat.shape[1]):\n",
    "            lu_mat[k, j] = mat[k, j] - lu_mat[k, :k] * lu_mat[:k, j]\n",
    "        for i in range(k+1, n):\n",
    "            lu_mat[i,k] = (mat[i,k] - lu_mat[i, :k] * lu_mat[:k, k]) / lu_mat[k, k]\n",
    "    return np.matrix(lu_mat)\n",
    "\n",
    "\n",
    "def get_L(lu_mat):\n",
    "    L = lu_mat.copy()\n",
    "    for i in range(L.shape[0]):\n",
    "        L[i, i] = 1\n",
    "        L[i, i+1:] = 0\n",
    "    return np.matrix(L)\n",
    "\n",
    "def get_U(lu_mat):\n",
    "    U = lu_mat.copy()\n",
    "    for i in range(1, U.shape[0]):\n",
    "        U[i, :i] = 0\n",
    "    return np.matrix(U)\n",
    "\n",
    "def LU_decomposition(mat):\n",
    "    mat = np.matrix(mat)\n",
    "    lu = get_LU(mat)\n",
    "    matL = get_L(lu)\n",
    "    matU = get_U(lu)\n",
    "    return L, U\n",
    "\n",
    "\"\"\"\n",
    "def LU_decomposition(A):\n",
    "    n = len(A)\n",
    "    C = A.copy()\n",
    "    P = np.arange(0,n)\n",
    "    p=0\n",
    "    for i in range(n):\n",
    "        pivotValue = 0;\n",
    "        pivot = -1;\n",
    "        for row in range(i,n) :\n",
    "            if( abs(C[row][i]) > pivotValue ):\n",
    "                pivotValue = abs(C[row][i]);\n",
    "                pivot = row;\n",
    "        if( pivotValue != 0 ):\n",
    "            p=p+1;\n",
    "            C[i][:], C[pivot][:] = C[pivot][:], C[i][:]\n",
    "            P[i], P[pivot] = P[pivot], P[i]\n",
    "            for j in range(i+1,n): \n",
    "                C[j][i] /= C[i][i]\n",
    "                for k in range(i+1,n): \n",
    "                    C[j][k] -= C[j][i] * C[i][k]\n",
    "    matU = np.zeros((n,n))\n",
    "    matL = np.zeros((n,n))\n",
    "    for i in range(n):\n",
    "        for j in range(n):\n",
    "            if(i<j):\n",
    "                matU[i][j] = C[i][j]\n",
    "            if(i==j):\n",
    "                matU[i][j] = C[i][j]\n",
    "                matL[i][j] = 1;\n",
    "            if(i>j):\n",
    "                matL[i][j] = C[i][j]\n",
    "    return matL, matU, P, p\n",
    "\n",
    "def solve(L, U, b):\n",
    "    n = len(L)\n",
    "    z = np.zeros(n)\n",
    "    z[0] = b[0]\n",
    "    for i in range(1, n):\n",
    "        tmp = 0;\n",
    "        for j in range(i):\n",
    "            tmp += L[i][j]*z[j]\n",
    "        z[i] = b[i] - tmp\n",
    "    x = np.zeros(n)\n",
    "    x[n-1] = z[n-1] / U[n-1][n-1]\n",
    "    for i in range(n-2, -1,-1):\n",
    "        tmp = 0;\n",
    "        for j in range(i+1, n):\n",
    "            tmp += U[i][j] * x[j]\n",
    "        x[i] = (z[i] - tmp)/U[i][i]\n",
    "    return x;\n",
    "\n",
    "def invers(L, U, P):\n",
    "    n = len(L)\n",
    "    res = np.zeros((n,n))\n",
    "    res1 = np.zeros((n,n))\n",
    "    E = np.eye(n)\n",
    "    for i in range(n):\n",
    "        y = solve(L, E, E[i,:])\n",
    "        x = solve(E, U, y)\n",
    "        for j in range(n):\n",
    "            res[j,i] = x[j]\n",
    "    for i in range(n):\n",
    "        res1[:,P[i]] = res[:,i]\n",
    "    return res1\n",
    "\"\"\"\n",
    "\n",
    "def solve(lu_mat,b):\n",
    "\n",
    "    y = np.matrix(np.zeros([lu_mat.shape[0], 1]))\n",
    "    for i in range(y.shape[0]):\n",
    "        y[i, 0] = b[i, 0] - lu_mat[i, :i] * y[:i]\n",
    "        x = np.matrix(np.zeros([lu_mat.shape[0], 1]))\n",
    "    for i in range(1, x.shape[0] + 1):\n",
    "        x[-i, 0] = (y[-i] - lu_mat[-i, -i:] * x[-i:, 0] )/ lu_mat[-i, -i]\n",
    "    return x\n",
    "\n",
    "\n",
    "def invers(LU):\n",
    "    E = np.matrix(np.eye(len(LU)))\n",
    "    new_LU = LU.copy()\n",
    "    for i in range(len(E)):\n",
    "        new_LU[:,i] = solve(LU,E[:, i])\n",
    "    return(new_LU)\n",
    "\n",
    "\n",
    "def is_zero(mat,b):\n",
    "    if np.allclose(b, np.zeros([b.shape[0],1])):\n",
    "        b = mat[:, mat.shape[1]-1]\n",
    "        mat = np.delete(mat, mat.shape[1]-1, 1)\n",
    "    return(mat,b)\n",
    "\n",
    "\n",
    "def det(U):\n",
    "    determ = 1\n",
    "    for i in range(U.shape[0]):\n",
    "        determ *= U[i,i]\n",
    "\n",
    "    return determ\n",
    "\n",
    "\n",
    "A,answ = get_mat(\"test1.txt\")\n",
    "print(\"A\\n\",A)\n",
    "print(\"B\\n\", answ)\n",
    "L,U = LU_decomposition(A.tolist())\n",
    "print(\"L\\n\",L)\n",
    "print(\"U\\n\",U)\n",
    "lu = get_LU(A)\n",
    "print(\"x\\n\",solve(lu,answ))\n",
    "print(\"Проверка корней AX = B:\\n\", np.dot(A,solve(lu,answ)))\n",
    "print(\"Обратная матрица:\\n\", invers(lu))\n",
    "print(\"Проверка обратной матрицы AA^-1 = E:\\n\",np.dot(invers(lu),A))\n",
    "print(\"Определитель:\\n\", det(U))"
   ]
  },
  {
   "cell_type": "code",
   "execution_count": 66,
   "metadata": {},
   "outputs": [
    {
     "name": "stdout",
     "output_type": "stream",
     "text": [
      "A\n",
      " [[-5 -1 -3 -1]\n",
      " [-2  0  8 -4]\n",
      " [-7 -2  2 -2]\n",
      " [ 2 -4 -4  4]]\n",
      "B\n",
      " [[ 18]\n",
      " [-12]\n",
      " [  6]\n",
      " [-12]]\n",
      "L\n",
      " [[ 1.          0.          0.          0.        ]\n",
      " [-0.28571429  1.          0.          0.        ]\n",
      " [ 0.28571429 -0.125       1.          0.        ]\n",
      " [ 0.71428571 -0.09375    -0.67857143  1.        ]]\n",
      "U\n",
      " [[-7.         -2.          2.         -2.        ]\n",
      " [ 0.         -4.57142857 -3.42857143  3.42857143]\n",
      " [ 0.          0.          7.         -3.        ]\n",
      " [ 0.          0.          0.         -1.28571429]]\n",
      "x\n",
      " [[-2.]\n",
      " [ 3.]\n",
      " [-3.]\n",
      " [-2.]]\n",
      "Проверка корней AX = B:\n",
      " [[ 18.]\n",
      " [-12.]\n",
      " [  6.]\n",
      " [-12.]]\n",
      "Обратная матрица:\n",
      " [[ 0.22222222  0.22222222 -0.33333333  0.11111111]\n",
      " [-0.33333333 -0.33333333  0.25       -0.29166667]\n",
      " [-0.33333333 -0.08333333  0.25       -0.04166667]\n",
      " [-0.77777778 -0.52777778  0.66666667 -0.13888889]]\n",
      "Проверка обратной матрицы AA^-1 = E:\n",
      " [[ 1.00000000e+00  3.33066907e-16  2.22044605e-15 -1.11022302e-16]\n",
      " [-3.66373598e-15  1.00000000e+00 -7.99360578e-15  2.77555756e-16]\n",
      " [ 1.38777878e-17 -2.77555756e-17  1.00000000e+00  1.38777878e-16]\n",
      " [-4.44089210e-16 -1.11022302e-16 -1.77635684e-15  1.00000000e+00]]\n",
      "Определитель:\n",
      " -288.0\n"
     ]
    }
   ],
   "source": [
    "A,answ = get_mat(\"test1.txt\")\n",
    "print(\"A\\n\",A)\n",
    "print(\"B\\n\", answ)\n",
    "L,U = LU_decomposition(A.tolist())\n",
    "print(\"L\\n\",L)\n",
    "print(\"U\\n\",U)\n",
    "lu = get_LU(A)\n",
    "print(\"x\\n\",solve(lu,answ))\n",
    "print(\"Проверка корней AX = B:\\n\", np.dot(A,solve(lu,answ)))\n",
    "print(\"Обратная матрица:\\n\", invers(lu))\n",
    "print(\"Проверка обратной матрицы AA^-1 = E:\\n\",np.dot(invers(lu),A))\n",
    "print(\"Определитель:\\n\", det(U))"
   ]
  },
  {
   "cell_type": "code",
   "execution_count": null,
   "metadata": {},
   "outputs": [],
   "source": []
  }
 ],
 "metadata": {
  "kernelspec": {
   "display_name": "Python 3",
   "language": "python",
   "name": "python3"
  },
  "language_info": {
   "codemirror_mode": {
    "name": "ipython",
    "version": 3
   },
   "file_extension": ".py",
   "mimetype": "text/x-python",
   "name": "python",
   "nbconvert_exporter": "python",
   "pygments_lexer": "ipython3",
   "version": "3.8.3"
  }
 },
 "nbformat": 4,
 "nbformat_minor": 4
}
